1.716687694717484280e+00
2.794512043231503817e+00
1.291430399749941893e+00
1.598030553017905087e+00
2.534335220585846482e+00
2.911991830438498852e+00
2.094234524545494303e+00
2.203034262400120902e+00
2.304387098173660942e+00
2.695217231543834302e+00
2.238595906818796610e+00
3.433776235215189931e+00
1.569371587047891925e+00
4.836402279719725250e+00
2.566038594180038324e+00
2.648971046557563991e+00
2.845632120627738626e+00
1.928086689717815494e+00
4.257702904908951425e+00
2.040286303639567311e+00
3.418568237310854130e+00
3.134435318022184447e+00
2.598242245334968281e+00
2.175865580216186590e+00
2.132342756004806272e+00
1.859485658416300646e+00
1.443399106525961040e+00
2.239721864429741416e+00
3.495081124990020438e+00
2.476099355189191442e+00
1.902051905319394054e+00
1.298220058685970013e+00
2.528778043939651443e+00
3.817126268082061902e+00
2.338283694999048201e+00
2.749089879315046225e+00
1.962416195186708956e+00
2.569582213485329003e+00
1.792968290910695650e+00
2.765527471690906403e+00
1.430445889231118262e+00
2.699350452404649214e+00
2.915526603671668937e+00
2.959330951888211825e+00
2.089097202497706363e+00
1.818859456873831437e+00
2.017666474324558035e+00
2.308336611987489295e+00
2.827917774252691974e+00
2.098211298451306828e+00
3.248157202601650084e+00
3.135825567317544138e+00
1.633800665814000075e+00
1.917632192074807396e+00
2.325658587576312719e+00
1.752133117107375515e+00
1.514791270593716099e+00
1.912472462926764871e+00
1.630802546531401109e+00
2.402946254930773851e+00
