2.560893236748611912e+00
4.325616590079647494e+00
2.178957946494570308e+00
2.877397834426445034e+00
2.576120897178168168e+00
2.198371231344798282e+00
2.850848492877740004e+00
2.736195540576292107e+00
3.797115951341133222e+00
3.001899258675647442e+00
2.318551847470007310e+00
1.965842142686214489e+00
3.383578298776472870e+00
3.579887687877139957e+00
2.779982355578555442e+00
2.922145968874375832e+00
2.673972091582126343e+00
3.151332429695662185e+00
2.499938399549057610e+00
4.229906196407117847e+00
2.054968225227331136e+00
3.366874080911337330e+00
2.688074360575947175e+00
3.437166690641673572e+00
4.269115385088821490e+00
2.808212314681265642e+00
3.381209614683152953e+00
2.653133590008136089e+00
3.599041873954599513e+00
3.025838588269105234e+00
2.165487623741638501e+00
3.423778346577922349e+00
2.952922896866801317e+00
3.016439175826608032e+00
3.060126391750860986e+00
2.256649683509346360e+00
3.124878671785614515e+00
3.213883826660111076e+00
3.828391140538906612e+00
2.588039413766181518e+00
3.342195862069878842e+00
2.195369833087716493e+00
2.883082961700806468e+00
2.453721850955810080e+00
3.026826640702777294e+00
6.946423510471809948e+00
2.255777068946309249e+00
3.525699160998166715e+00
2.324958301040847441e+00
3.017053575190148607e+00
1.907981712784314388e+00
3.307895565853131270e+00
3.271548964245915236e+00
2.192577526354637207e+00
2.556653838616806951e+00
3.293660083842444131e+00
1.695493257466286208e+00
3.176101129509912635e+00
3.279669356122918433e+00
1.938783246775188429e+00
