2.215359661630946775e+00
2.215877760127729967e+00
1.984625434515720155e+00
2.479354474967155220e+00
2.614155670730689884e+00
2.102041697360220951e+00
2.972683906659435937e+00
2.657749705412677077e+00
4.822305245643660143e+00
4.665736804844554442e+00
2.054781266582521138e+00
1.609968324648396454e+00
1.775969366562111906e+00
2.524048018872389498e+00
2.273397201094835562e+00
2.597724796295545424e+00
2.243675495750827587e+00
3.426397088733995400e+00
2.161586170778309501e+00
2.152273181119817913e+00
2.896863995574264994e+00
2.564904823872560691e+00
2.295811706979619782e+00
1.845478987771701052e+00
3.212742514060673127e+00
2.148100406868767021e+00
2.295215556862014061e+00
1.976226680185011908e+00
2.733557940027373956e+00
3.906822496268017808e+00
3.054542485646610128e+00
2.626796449846275472e+00
3.249418059076474297e+00
1.773809652387419389e+00
2.722263466203994842e+00
3.007111311074893045e+00
6.331423116343871449e+00
2.049455575656641937e+00
5.841539320023706239e+00
2.838892975221375625e+00
5.506678319650196052e+00
1.787014044369300780e+00
1.882071961897760382e+00
1.880216479208029812e+00
1.714743203146089412e+00
1.696497604911648027e+00
2.270994504416124382e+00
2.623498413252581152e+00
1.757971116917279364e+00
2.664535350332274177e+00
2.761846153450292718e+00
3.305122427655068140e+00
2.619526978202835643e+00
2.432801569806745334e+00
2.390907773517724433e+00
1.850474554590642029e+00
2.394888489744592341e+00
7.111836415155225133e+00
2.841324920353918149e+00
2.086178560668398685e+00
