2.328167245703291588e+00
3.303326479252684411e+00
2.340641228777683658e+00
2.394387895024599366e+00
2.391200807022105579e+00
2.794621777631894233e+00
2.573241839078544757e+00
2.498676330749352026e+00
3.142434124770683290e+00
3.090319274516617032e+00
2.333946699666646918e+00
1.891101364228055859e+00
3.151027145389125650e+00
3.354837480855012988e+00
2.850379752987985515e+00
2.538619072524368914e+00
2.393624195835101442e+00
2.920040666860868495e+00
2.322800544032574521e+00
2.743860001870735310e+00
2.190535043225308343e+00
3.141074287840745605e+00
2.596839445906026445e+00
3.397308519781932379e+00
3.728570110203242471e+00
3.183798599298487630e+00
2.204132043003177444e+00
3.392418885302242337e+00
3.232909559180344061e+00
1.949518946521241247e+00
1.996402565551791630e+00
2.501766967176658252e+00
2.599618460298929179e+00
2.656658861145034578e+00
3.083226698846892155e+00
2.426902694849538022e+00
3.037057642768381083e+00
2.752731094611113871e+00
3.581146777572631112e+00
2.139187413744429556e+00
3.046606829688533136e+00
1.983926057520311259e+00
2.410865948616469190e+00
2.153526360131012840e+00
2.539355957451522983e+00
2.719939651115341306e+00
1.964430976879971480e+00
3.006623192304059167e+00
2.211720275683058290e+00
2.901188075012100409e+00
1.768823607481006643e+00
3.044544265341343259e+00
3.050734921446212944e+00
2.155932675440540347e+00
2.571274995712181877e+00
2.797589460299341191e+00
2.477106013699414966e+00
2.891696661397240131e+00
3.017839406863805252e+00
2.691179908582344460e+00
